1731945
1890496
1715986
1692635
1674716
1732295
1740480
1912001
1703590
1622009
1798908
1848390
1907651
1783465
1828244
1820577
1799593
1545316
1784761
1754239
1890881
1796939
1758527
1891323
1638130
1824921
1932634
1824180
1775185
1840295
1940149
1931901
1660295
1761096
1801751
1918821
1772890
1818741
1682843
1699112
1884999
1811559
1756264
1719989
1860233
1700021
1909625
1775771
1851964
1859718
1789128
1887664
1780797
1844851
1950754
1689719
1865537
1805826
1664195
1851312
1586946
1837473
1762131
1903564
1729417
1620517
1872470
1804602
1906753
1703128
1745302
1865151
1822531
1735057
1926868
1765673
1784109
1578699
1835621
1722191
1724539
1879404
1620479
1768683
1891303
1523643
1826671
1533849
1630590
1889013
1819739
1853266
1873143
1784758
1827860
1748464
1795715
1782748
1824944
1756911
1905230
1764053
1796719
1770241
1762799
1624318
1881110
1906091
1807776
1857566
1574062
1938630
1849421
1868594
1528805
1760121
1880242
1819005
1738051
1873214
1930840
1835193
1731494
1655480
1854889
1816941
1609970
1871670
1791525
1612332
1868634
1656442
1743458
1905825
1596058
1756672
1850872
1905975
1606145
1840561
1817664
1731249
1775349
1635839
1815606
1831033
1942376
1721118
1694584
1752819
1816360
1756946
1763859
1828876
1867946
1888094
1863749
1723770
1842818
1654516
1928216
1642978
1689498
1827269
1716304
1875799
1635423
1817767
1632308
1639321
1612975
1851175
1547468
1753270
1866264
1742144
1745040
1682087
1776894
1814866
1832491
1926613
1911383
1819158
1664020
1804545
1853030
1745658
1885840
1798566
1828414
1766984
1750669
1686414
1866024
1739847
1925932
1880551
1663117
1843034
1861669
1875969
1626286
1732677
1954080
1928026
1742178
1685791
1963919
1758192
1888496
1911127
1839648
1666008
1899477
1868529
1808760
1834941
1661167
1844530
1656977
1895295
1782420
1835414
1600120
1794145
1851930
1881196
1578944
1784036
1817050
1894539
1700386
1930991
1758995
1815558
1659836
1960901
1822847
1822991
1857940
1834850
1866988
1831034
1778815
1791107
1868825
1771555
1879814
1852571
1854213
1920787
1927495
1825107
1819028
1789542
1708867
1782786
1732893
1651727
1755226
1780260
1865080
1762658
1530701
1924171
1687306
1667058
1797776
1823171
1716988
1803720
1947164
1883838
1835249
1620810
1826490
1963778
1726415
1695334
1736088
1740843
1816173
1756022
1936442
1690230
1769120
1760063
1785694
1827045
1851201
1591184
1721471
1878812
1852724
1649097
1806960
1892089
1728453
1869956
1743012
1844806
1695909
1866084
1579301
1853758
1838448
1631878
1959091
1763986
1651127
1830425
1809236
1695673
1740429
1771600
1941909
1888835
1907310
1887765
1787546
1883295
1690416
1648676
1815081
1826175
1897015
1763426
1852950
1581981
1920984
1682584
1886169
1746742
1802088
1774064
1726977
1712125
1797630
1771771
1850616
1740297
1790937
1905582
1858269
1901036
1872236
1705978
1870944
1754463
1801439
1881537
1811626
1841950
1812928
1678250
1902178
1956074
1842601
1706205
1952993
1821114
1848763
1766091
1728121
1863573
1802113
1919313
1847299
1673414
1708120
1827179
1800557
1765034
1765624
1762858
1861079
1845897
1808756
1659186
1859612
1859340
1925657
1828257
1763813
1868167
1870374
1754773
1883540
1668061
1668998
1670654
1720855
1836838
1793855
1798531
1825148
1860400
1847758
1707321
1671922
1630246
1741487
1703786
1961593
1760475
1827067
1836449
1802932
1868024
1752211
1684398
1798543
1953708
1732424
1924227
1829293
1701852
1864067
1805122
1729122
1844110
1843648
1830312
1512938
1771504
1813474
1622473
1657386
1939349
1853160
1729825
1794220
1871998
1598397
1736837
1809404
1742133
1769804
1930451
1863603
1750053
1836512
1893758
1874931
1938440
1505684
1713187
1864913
1850278
1741205
1818335
1905753
1922792
1933712
1808287
1725517
1910872
1870552
1895787
1798298
1921573
1870529
1807457
1836914
1787138
