
Feature: roadgraph_samples/dir
 - Value: [-3.588463e-02 -9.993556e-01 -8.037899e-04 ... -1.000000e+00 -1.000000e+00
 -1.000000e+00]
 - Shape: (90000,)
 - DataType: <dtype: 'float32'>

Feature: roadgraph_samples/id
 - Value: [155 155 155 ...  -1  -1  -1]
 - Shape: (30000,)
 - DataType: <dtype: 'int64'>

Feature: roadgraph_samples/type
 - Value: [ 2  2  2 ... -1 -1 -1]
 - Shape: (30000,)
 - DataType: <dtype: 'int64'>

Feature: roadgraph_samples/valid
 - Value: [1 1 1 ... 0 0 0]
 - Shape: (30000,)
 - DataType: <dtype: 'int64'>

Feature: roadgraph_samples/xyz
 - Value: [ 3.6309360e+03  7.7810874e+03  1.5408558e+01 ... -1.0000000e+00
 -1.0000000e+00 -1.0000000e+00]
 - Shape: (90000,)
 - DataType: <dtype: 'float32'>

Feature: scenario/id
 - Value: [b'22905c6f593cb81f']
 - Shape: (1,)
 - DataType: <dtype: 'string'>

Feature: state/current/bbox_yaw
 - Value: [-1.5528042 -1.5719697 -1.564232  -1.5598658 -1.5630652 -3.1424558
  1.5813651  1.6038728  1.5710735  5.96688   -1.        -1.
 -1.        -1.        -1.        -1.        -1.        -1.
 -1.        -1.        -1.        -1.        -1.        -1.
 -1.        -1.        -1.        -1.        -1.        -1.
 -1.        -1.        -1.        -1.        -1.        -1.
 -1.        -1.        -1.        -1.        -1.        -1.
 -1.        -1.        -1.        -1.        -1.        -1.
 -1.        -1.        -1.        -1.        -1.        -1.
 -1.        -1.        -1.        -1.        -1.        -1.
 -1.        -1.        -1.        -1.        -1.        -1.
 -1.        -1.        -1.        -1.        -1.        -1.
 -1.        -1.        -1.        -1.        -1.        -1.
 -1.        -1.        -1.        -1.        -1.        -1.
 -1.        -1.        -1.        -1.        -1.        -1.
 -1.        -1.        -1.        -1.        -1.        -1.
 -1.        -1.        -1.        -1.        -1.        -1.
 -1.        -1.        -1.        -1.        -1.        -1.
 -1.        -1.        -1.        -1.        -1.        -1.
 -1.        -1.        -1.        -1.        -1.        -1.
 -1.        -1.        -1.        -1.        -1.        -1.
 -1.        -1.       ]
 - Shape: (128,)
 - DataType: <dtype: 'float32'>

Feature: state/current/height
 - Value: [ 1.518492   1.5408176  2.33       1.574539   1.6484236  1.8717506
  1.7328051  1.7235401  1.5036727  1.572405  -1.        -1.
 -1.        -1.        -1.        -1.        -1.        -1.
 -1.        -1.        -1.        -1.        -1.        -1.
 -1.        -1.        -1.        -1.        -1.        -1.
 -1.        -1.        -1.        -1.        -1.        -1.
 -1.        -1.        -1.        -1.        -1.        -1.
 -1.        -1.        -1.        -1.        -1.        -1.
 -1.        -1.        -1.        -1.        -1.        -1.
 -1.        -1.        -1.        -1.        -1.        -1.
 -1.        -1.        -1.        -1.        -1.        -1.
 -1.        -1.        -1.        -1.        -1.        -1.
 -1.        -1.        -1.        -1.        -1.        -1.
 -1.        -1.        -1.        -1.        -1.        -1.
 -1.        -1.        -1.        -1.        -1.        -1.
 -1.        -1.        -1.        -1.        -1.        -1.
 -1.        -1.        -1.        -1.        -1.        -1.
 -1.        -1.        -1.        -1.        -1.        -1.
 -1.        -1.        -1.        -1.        -1.        -1.
 -1.        -1.        -1.        -1.        -1.        -1.
 -1.        -1.        -1.        -1.        -1.        -1.
 -1.        -1.       ]
 - Shape: (128,)
 - DataType: <dtype: 'float32'>

Feature: state/current/length
 - Value: [ 4.626073   4.579108   5.286      4.837297   5.023137   5.4546547
  4.463809   4.6237106  4.4370985  4.844364  -1.        -1.
 -1.        -1.        -1.        -1.        -1.        -1.
 -1.        -1.        -1.        -1.        -1.        -1.
 -1.        -1.        -1.        -1.        -1.        -1.
 -1.        -1.        -1.        -1.        -1.        -1.
 -1.        -1.        -1.        -1.        -1.        -1.
 -1.        -1.        -1.        -1.        -1.        -1.
 -1.        -1.        -1.        -1.        -1.        -1.
 -1.        -1.        -1.        -1.        -1.        -1.
 -1.        -1.        -1.        -1.        -1.        -1.
 -1.        -1.        -1.        -1.        -1.        -1.
 -1.        -1.        -1.        -1.        -1.        -1.
 -1.        -1.        -1.        -1.        -1.        -1.
 -1.        -1.        -1.        -1.        -1.        -1.
 -1.        -1.        -1.        -1.        -1.        -1.
 -1.        -1.        -1.        -1.        -1.        -1.
 -1.        -1.        -1.        -1.        -1.        -1.
 -1.        -1.        -1.        -1.        -1.        -1.
 -1.        -1.        -1.        -1.        -1.        -1.
 -1.        -1.        -1.        -1.        -1.        -1.
 -1.        -1.       ]
 - Shape: (128,)
 - DataType: <dtype: 'float32'>

Feature: state/current/speed
 - Value: [12.619993 14.580159 12.941069 24.19623  20.854769  0.        0.
  0.       20.339952  0.       -1.       -1.       -1.       -1.
 -1.       -1.       -1.       -1.       -1.       -1.       -1.
 -1.       -1.       -1.       -1.       -1.       -1.       -1.
 -1.       -1.       -1.       -1.       -1.       -1.       -1.
 -1.       -1.       -1.       -1.       -1.       -1.       -1.
 -1.       -1.       -1.       -1.       -1.       -1.       -1.
 -1.       -1.       -1.       -1.       -1.       -1.       -1.
 -1.       -1.       -1.       -1.       -1.       -1.       -1.
 -1.       -1.       -1.       -1.       -1.       -1.       -1.
 -1.       -1.       -1.       -1.       -1.       -1.       -1.
 -1.       -1.       -1.       -1.       -1.       -1.       -1.
 -1.       -1.       -1.       -1.       -1.       -1.       -1.
 -1.       -1.       -1.       -1.       -1.       -1.       -1.
 -1.       -1.       -1.       -1.       -1.       -1.       -1.
 -1.       -1.       -1.       -1.       -1.       -1.       -1.
 -1.       -1.       -1.       -1.       -1.       -1.       -1.
 -1.       -1.       -1.       -1.       -1.       -1.       -1.
 -1.       -1.      ]
 - Shape: (128,)
 - DataType: <dtype: 'float32'>

Feature: state/current/timestamp_micros
 - Value: [999779 999779 999779 999779 999779 999779 999779 999779 999779 999779
     -1     -1     -1     -1     -1     -1     -1     -1     -1     -1
     -1     -1     -1     -1     -1     -1     -1     -1     -1     -1
     -1     -1     -1     -1     -1     -1     -1     -1     -1     -1
     -1     -1     -1     -1     -1     -1     -1     -1     -1     -1
     -1     -1     -1     -1     -1     -1     -1     -1     -1     -1
     -1     -1     -1     -1     -1     -1     -1     -1     -1     -1
     -1     -1     -1     -1     -1     -1     -1     -1     -1     -1
     -1     -1     -1     -1     -1     -1     -1     -1     -1     -1
     -1     -1     -1     -1     -1     -1     -1     -1     -1     -1
     -1     -1     -1     -1     -1     -1     -1     -1     -1     -1
     -1     -1     -1     -1     -1     -1     -1     -1     -1     -1
     -1     -1     -1     -1     -1     -1     -1     -1]
 - Shape: (128,)
 - DataType: <dtype: 'int64'>

Feature: state/current/valid
 - Value: [1 1 1 1 1 1 1 1 1 1 0 0 0 0 0 0 0 0 0 0 0 0 0 0 0 0 0 0 0 0 0 0 0 0 0 0 0
 0 0 0 0 0 0 0 0 0 0 0 0 0 0 0 0 0 0 0 0 0 0 0 0 0 0 0 0 0 0 0 0 0 0 0 0 0
 0 0 0 0 0 0 0 0 0 0 0 0 0 0 0 0 0 0 0 0 0 0 0 0 0 0 0 0 0 0 0 0 0 0 0 0 0
 0 0 0 0 0 0 0 0 0 0 0 0 0 0 0 0 0]
 - Shape: (128,)
 - DataType: <dtype: 'int64'>

Feature: state/current/vel_yaw
 - Value: [-1.5497081 -1.5674474 -1.5681707 -1.5582844 -1.5656453  0.
  0.         0.         1.5880815  0.        -1.        -1.
 -1.        -1.        -1.        -1.        -1.        -1.
 -1.        -1.        -1.        -1.        -1.        -1.
 -1.        -1.        -1.        -1.        -1.        -1.
 -1.        -1.        -1.        -1.        -1.        -1.
 -1.        -1.        -1.        -1.        -1.        -1.
 -1.        -1.        -1.        -1.        -1.        -1.
 -1.        -1.        -1.        -1.        -1.        -1.
 -1.        -1.        -1.        -1.        -1.        -1.
 -1.        -1.        -1.        -1.        -1.        -1.
 -1.        -1.        -1.        -1.        -1.        -1.
 -1.        -1.        -1.        -1.        -1.        -1.
 -1.        -1.        -1.        -1.        -1.        -1.
 -1.        -1.        -1.        -1.        -1.        -1.
 -1.        -1.        -1.        -1.        -1.        -1.
 -1.        -1.        -1.        -1.        -1.        -1.
 -1.        -1.        -1.        -1.        -1.        -1.
 -1.        -1.        -1.        -1.        -1.        -1.
 -1.        -1.        -1.        -1.        -1.        -1.
 -1.        -1.        -1.        -1.        -1.        -1.
 -1.        -1.       ]
 - Shape: (128,)
 - DataType: <dtype: 'float32'>

Feature: state/current/velocity_x
 - Value: [ 0.26611328  0.04882812  0.03397817  0.30273438  0.10742188  0.
  0.          0.         -0.3515625   0.         -1.         -1.
 -1.         -1.         -1.         -1.         -1.         -1.
 -1.         -1.         -1.         -1.         -1.         -1.
 -1.         -1.         -1.         -1.         -1.         -1.
 -1.         -1.         -1.         -1.         -1.         -1.
 -1.         -1.         -1.         -1.         -1.         -1.
 -1.         -1.         -1.         -1.         -1.         -1.
 -1.         -1.         -1.         -1.         -1.         -1.
 -1.         -1.         -1.         -1.         -1.         -1.
 -1.         -1.         -1.         -1.         -1.         -1.
 -1.         -1.         -1.         -1.         -1.         -1.
 -1.         -1.         -1.         -1.         -1.         -1.
 -1.         -1.         -1.         -1.         -1.         -1.
 -1.         -1.         -1.         -1.         -1.         -1.
 -1.         -1.         -1.         -1.         -1.         -1.
 -1.         -1.         -1.         -1.         -1.         -1.
 -1.         -1.         -1.         -1.         -1.         -1.
 -1.         -1.         -1.         -1.         -1.         -1.
 -1.         -1.         -1.         -1.         -1.         -1.
 -1.         -1.         -1.         -1.         -1.         -1.
 -1.         -1.        ]
 - Shape: (128,)
 - DataType: <dtype: 'float32'>

Feature: state/current/velocity_y
 - Value: [-12.6171875 -14.580078  -12.941024  -24.194336  -20.854492    0.
   0.          0.         20.336914    0.         -1.         -1.
  -1.         -1.         -1.         -1.         -1.         -1.
  -1.         -1.         -1.         -1.         -1.         -1.
  -1.         -1.         -1.         -1.         -1.         -1.
  -1.         -1.         -1.         -1.         -1.         -1.
  -1.         -1.         -1.         -1.         -1.         -1.
  -1.         -1.         -1.         -1.         -1.         -1.
  -1.         -1.         -1.         -1.         -1.         -1.
  -1.         -1.         -1.         -1.         -1.         -1.
  -1.         -1.         -1.         -1.         -1.         -1.
  -1.         -1.         -1.         -1.         -1.         -1.
  -1.         -1.         -1.         -1.         -1.         -1.
  -1.         -1.         -1.         -1.         -1.         -1.
  -1.         -1.         -1.         -1.         -1.         -1.
  -1.         -1.         -1.         -1.         -1.         -1.
  -1.         -1.         -1.         -1.         -1.         -1.
  -1.         -1.         -1.         -1.         -1.         -1.
  -1.         -1.         -1.         -1.         -1.         -1.
  -1.         -1.         -1.         -1.         -1.         -1.
  -1.         -1.         -1.         -1.         -1.         -1.
  -1.         -1.       ]
 - Shape: (128,)
 - DataType: <dtype: 'float32'>

Feature: state/current/width
 - Value: [ 2.0919201  2.0556831  2.332      2.142277   2.2240098  2.3506658
  2.039072   2.0576618  1.9841553  2.18525   -1.        -1.
 -1.        -1.        -1.        -1.        -1.        -1.
 -1.        -1.        -1.        -1.        -1.        -1.
 -1.        -1.        -1.        -1.        -1.        -1.
 -1.        -1.        -1.        -1.        -1.        -1.
 -1.        -1.        -1.        -1.        -1.        -1.
 -1.        -1.        -1.        -1.        -1.        -1.
 -1.        -1.        -1.        -1.        -1.        -1.
 -1.        -1.        -1.        -1.        -1.        -1.
 -1.        -1.        -1.        -1.        -1.        -1.
 -1.        -1.        -1.        -1.        -1.        -1.
 -1.        -1.        -1.        -1.        -1.        -1.
 -1.        -1.        -1.        -1.        -1.        -1.
 -1.        -1.        -1.        -1.        -1.        -1.
 -1.        -1.        -1.        -1.        -1.        -1.
 -1.        -1.        -1.        -1.        -1.        -1.
 -1.        -1.        -1.        -1.        -1.        -1.
 -1.        -1.        -1.        -1.        -1.        -1.
 -1.        -1.        -1.        -1.        -1.        -1.
 -1.        -1.        -1.        -1.        -1.        -1.
 -1.        -1.       ]
 - Shape: (128,)
 - DataType: <dtype: 'float32'>

Feature: state/current/x
 - Value: [ 3.5562168e+03  3.5558694e+03  3.5562180e+03  3.5604541e+03
  3.5596499e+03  3.5295222e+03  3.5234111e+03  3.5184656e+03
  3.5700515e+03  3.5492869e+03 -1.0000000e+00 -1.0000000e+00
 -1.0000000e+00 -1.0000000e+00 -1.0000000e+00 -1.0000000e+00
 -1.0000000e+00 -1.0000000e+00 -1.0000000e+00 -1.0000000e+00
 -1.0000000e+00 -1.0000000e+00 -1.0000000e+00 -1.0000000e+00
 -1.0000000e+00 -1.0000000e+00 -1.0000000e+00 -1.0000000e+00
 -1.0000000e+00 -1.0000000e+00 -1.0000000e+00 -1.0000000e+00
 -1.0000000e+00 -1.0000000e+00 -1.0000000e+00 -1.0000000e+00
 -1.0000000e+00 -1.0000000e+00 -1.0000000e+00 -1.0000000e+00
 -1.0000000e+00 -1.0000000e+00 -1.0000000e+00 -1.0000000e+00
 -1.0000000e+00 -1.0000000e+00 -1.0000000e+00 -1.0000000e+00
 -1.0000000e+00 -1.0000000e+00 -1.0000000e+00 -1.0000000e+00
 -1.0000000e+00 -1.0000000e+00 -1.0000000e+00 -1.0000000e+00
 -1.0000000e+00 -1.0000000e+00 -1.0000000e+00 -1.0000000e+00
 -1.0000000e+00 -1.0000000e+00 -1.0000000e+00 -1.0000000e+00
 -1.0000000e+00 -1.0000000e+00 -1.0000000e+00 -1.0000000e+00
 -1.0000000e+00 -1.0000000e+00 -1.0000000e+00 -1.0000000e+00
 -1.0000000e+00 -1.0000000e+00 -1.0000000e+00 -1.0000000e+00
 -1.0000000e+00 -1.0000000e+00 -1.0000000e+00 -1.0000000e+00
 -1.0000000e+00 -1.0000000e+00 -1.0000000e+00 -1.0000000e+00
 -1.0000000e+00 -1.0000000e+00 -1.0000000e+00 -1.0000000e+00
 -1.0000000e+00 -1.0000000e+00 -1.0000000e+00 -1.0000000e+00
 -1.0000000e+00 -1.0000000e+00 -1.0000000e+00 -1.0000000e+00
 -1.0000000e+00 -1.0000000e+00 -1.0000000e+00 -1.0000000e+00
 -1.0000000e+00 -1.0000000e+00 -1.0000000e+00 -1.0000000e+00
 -1.0000000e+00 -1.0000000e+00 -1.0000000e+00 -1.0000000e+00
 -1.0000000e+00 -1.0000000e+00 -1.0000000e+00 -1.0000000e+00
 -1.0000000e+00 -1.0000000e+00 -1.0000000e+00 -1.0000000e+00
 -1.0000000e+00 -1.0000000e+00 -1.0000000e+00 -1.0000000e+00
 -1.0000000e+00 -1.0000000e+00 -1.0000000e+00 -1.0000000e+00
 -1.0000000e+00 -1.0000000e+00 -1.0000000e+00 -1.0000000e+00]
 - Shape: (128,)
 - DataType: <dtype: 'float32'>

Feature: state/current/y
 - Value: [ 7.4980454e+03  7.5565952e+03  7.5312036e+03  7.5005312e+03
  7.5628979e+03  7.5094365e+03  7.5700576e+03  7.5697251e+03
  7.4714414e+03  7.4606787e+03 -1.0000000e+00 -1.0000000e+00
 -1.0000000e+00 -1.0000000e+00 -1.0000000e+00 -1.0000000e+00
 -1.0000000e+00 -1.0000000e+00 -1.0000000e+00 -1.0000000e+00
 -1.0000000e+00 -1.0000000e+00 -1.0000000e+00 -1.0000000e+00
 -1.0000000e+00 -1.0000000e+00 -1.0000000e+00 -1.0000000e+00
 -1.0000000e+00 -1.0000000e+00 -1.0000000e+00 -1.0000000e+00
 -1.0000000e+00 -1.0000000e+00 -1.0000000e+00 -1.0000000e+00
 -1.0000000e+00 -1.0000000e+00 -1.0000000e+00 -1.0000000e+00
 -1.0000000e+00 -1.0000000e+00 -1.0000000e+00 -1.0000000e+00
 -1.0000000e+00 -1.0000000e+00 -1.0000000e+00 -1.0000000e+00
 -1.0000000e+00 -1.0000000e+00 -1.0000000e+00 -1.0000000e+00
 -1.0000000e+00 -1.0000000e+00 -1.0000000e+00 -1.0000000e+00
 -1.0000000e+00 -1.0000000e+00 -1.0000000e+00 -1.0000000e+00
 -1.0000000e+00 -1.0000000e+00 -1.0000000e+00 -1.0000000e+00
 -1.0000000e+00 -1.0000000e+00 -1.0000000e+00 -1.0000000e+00
 -1.0000000e+00 -1.0000000e+00 -1.0000000e+00 -1.0000000e+00
 -1.0000000e+00 -1.0000000e+00 -1.0000000e+00 -1.0000000e+00
 -1.0000000e+00 -1.0000000e+00 -1.0000000e+00 -1.0000000e+00
 -1.0000000e+00 -1.0000000e+00 -1.0000000e+00 -1.0000000e+00
 -1.0000000e+00 -1.0000000e+00 -1.0000000e+00 -1.0000000e+00
 -1.0000000e+00 -1.0000000e+00 -1.0000000e+00 -1.0000000e+00
 -1.0000000e+00 -1.0000000e+00 -1.0000000e+00 -1.0000000e+00
 -1.0000000e+00 -1.0000000e+00 -1.0000000e+00 -1.0000000e+00
 -1.0000000e+00 -1.0000000e+00 -1.0000000e+00 -1.0000000e+00
 -1.0000000e+00 -1.0000000e+00 -1.0000000e+00 -1.0000000e+00
 -1.0000000e+00 -1.0000000e+00 -1.0000000e+00 -1.0000000e+00
 -1.0000000e+00 -1.0000000e+00 -1.0000000e+00 -1.0000000e+00
 -1.0000000e+00 -1.0000000e+00 -1.0000000e+00 -1.0000000e+00
 -1.0000000e+00 -1.0000000e+00 -1.0000000e+00 -1.0000000e+00
 -1.0000000e+00 -1.0000000e+00 -1.0000000e+00 -1.0000000e+00]
 - Shape: (128,)
 - DataType: <dtype: 'float32'>

Feature: state/current/z
 - Value: [15.53173   15.682489  16.070763  15.619158  15.8149605 15.831864
 15.899277  15.886832  15.404754  15.535847  -1.        -1.
 -1.        -1.        -1.        -1.        -1.        -1.
 -1.        -1.        -1.        -1.        -1.        -1.
 -1.        -1.        -1.        -1.        -1.        -1.
 -1.        -1.        -1.        -1.        -1.        -1.
 -1.        -1.        -1.        -1.        -1.        -1.
 -1.        -1.        -1.        -1.        -1.        -1.
 -1.        -1.        -1.        -1.        -1.        -1.
 -1.        -1.        -1.        -1.        -1.        -1.
 -1.        -1.        -1.        -1.        -1.        -1.
 -1.        -1.        -1.        -1.        -1.        -1.
 -1.        -1.        -1.        -1.        -1.        -1.
 -1.        -1.        -1.        -1.        -1.        -1.
 -1.        -1.        -1.        -1.        -1.        -1.
 -1.        -1.        -1.        -1.        -1.        -1.
 -1.        -1.        -1.        -1.        -1.        -1.
 -1.        -1.        -1.        -1.        -1.        -1.
 -1.        -1.        -1.        -1.        -1.        -1.
 -1.        -1.        -1.        -1.        -1.        -1.
 -1.        -1.        -1.        -1.        -1.        -1.
 -1.        -1.       ]
 - Shape: (128,)
 - DataType: <dtype: 'float32'>

Feature: state/difficulty_level
 - Value: [ 0  0  0  0  0  0  0  0  0  0  0  0  0  0  0  0  0  0  0  0  0  0  0 -1
 -1 -1 -1 -1 -1 -1 -1 -1 -1 -1 -1 -1 -1 -1 -1 -1 -1 -1 -1 -1 -1 -1 -1 -1
 -1 -1 -1 -1 -1 -1 -1 -1 -1 -1 -1 -1 -1 -1 -1 -1 -1 -1 -1 -1 -1 -1 -1 -1
 -1 -1 -1 -1 -1 -1 -1 -1 -1 -1 -1 -1 -1 -1 -1 -1 -1 -1 -1 -1 -1 -1 -1 -1
 -1 -1 -1 -1 -1 -1 -1 -1 -1 -1 -1 -1 -1 -1 -1 -1 -1 -1 -1 -1 -1 -1 -1 -1
 -1 -1 -1 -1 -1 -1 -1 -1]
 - Shape: (128,)
 - DataType: <dtype: 'int64'>

Feature: state/future/bbox_yaw
 - Value: [-1.550809  -1.5535855 -1.552052  ... -1.        -1.        -1.       ]
 - Shape: (10240,)
 - DataType: <dtype: 'float32'>

Feature: state/future/height
 - Value: [ 1.5381321  1.5073415  1.5271738 ... -1.        -1.        -1.       ]
 - Shape: (10240,)
 - DataType: <dtype: 'float32'>

Feature: state/future/length
 - Value: [ 4.608992  4.594789  4.602057 ... -1.       -1.       -1.      ]
 - Shape: (10240,)
 - DataType: <dtype: 'float32'>

Feature: state/future/speed
 - Value: [12.468982 12.21043  12.277313 ... -1.       -1.       -1.      ]
 - Shape: (10240,)
 - DataType: <dtype: 'float32'>

Feature: state/future/timestamp_micros
 - Value: [1099820 1199820 1299829 ...      -1      -1      -1]
 - Shape: (10240,)
 - DataType: <dtype: 'int64'>

Feature: state/future/valid
 - Value: [1 1 1 ... 0 0 0]
 - Shape: (10240,)
 - DataType: <dtype: 'int64'>

Feature: state/future/vel_yaw
 - Value: [-1.5482776 -1.5472007 -1.5530972 ... -1.        -1.        -1.       ]
 - Shape: (10240,)
 - DataType: <dtype: 'float32'>

Feature: state/future/velocity_x
 - Value: [ 0.28076172  0.28808594  0.21728516 ... -1.         -1.
 -1.        ]
 - Shape: (10240,)
 - DataType: <dtype: 'float32'>

Feature: state/future/velocity_y
 - Value: [-12.46582  -12.207031 -12.275391 ...  -1.        -1.        -1.      ]
 - Shape: (10240,)
 - DataType: <dtype: 'float32'>

Feature: state/future/width
 - Value: [ 2.1067305  2.085567   2.0946836 ... -1.        -1.        -1.       ]
 - Shape: (10240,)
 - DataType: <dtype: 'float32'>

Feature: state/future/x
 - Value: [ 3.5562449e+03  3.5562737e+03  3.5562954e+03 ... -1.0000000e+00
 -1.0000000e+00 -1.0000000e+00]
 - Shape: (10240,)
 - DataType: <dtype: 'float32'>

Feature: state/future/y
 - Value: [ 7.4967988e+03  7.4955781e+03  7.4943506e+03 ... -1.0000000e+00
 -1.0000000e+00 -1.0000000e+00]
 - Shape: (10240,)
 - DataType: <dtype: 'float32'>

Feature: state/future/z
 - Value: [15.529478 15.530953 15.531623 ... -1.       -1.       -1.      ]
 - Shape: (10240,)
 - DataType: <dtype: 'float32'>

Feature: state/id
 - Value: [164. 170. 238. 184. 187. 203. 199. 202. 207. 208. 210. 211. 212. 213.
 214. 215. 216. 217. 218. 220. 201. 163. 206.  -1.  -1.  -1.  -1.  -1.
  -1.  -1.  -1.  -1.  -1.  -1.  -1.  -1.  -1.  -1.  -1.  -1.  -1.  -1.
  -1.  -1.  -1.  -1.  -1.  -1.  -1.  -1.  -1.  -1.  -1.  -1.  -1.  -1.
  -1.  -1.  -1.  -1.  -1.  -1.  -1.  -1.  -1.  -1.  -1.  -1.  -1.  -1.
  -1.  -1.  -1.  -1.  -1.  -1.  -1.  -1.  -1.  -1.  -1.  -1.  -1.  -1.
  -1.  -1.  -1.  -1.  -1.  -1.  -1.  -1.  -1.  -1.  -1.  -1.  -1.  -1.
  -1.  -1.  -1.  -1.  -1.  -1.  -1.  -1.  -1.  -1.  -1.  -1.  -1.  -1.
  -1.  -1.  -1.  -1.  -1.  -1.  -1.  -1.  -1.  -1.  -1.  -1.  -1.  -1.
  -1.  -1.]
 - Shape: (128,)
 - DataType: <dtype: 'float32'>

Feature: state/is_sdc
 - Value: [ 0  0  1  0  0  0  0  0  0  0  0  0  0  0  0  0  0  0  0  0  0  0  0 -1
 -1 -1 -1 -1 -1 -1 -1 -1 -1 -1 -1 -1 -1 -1 -1 -1 -1 -1 -1 -1 -1 -1 -1 -1
 -1 -1 -1 -1 -1 -1 -1 -1 -1 -1 -1 -1 -1 -1 -1 -1 -1 -1 -1 -1 -1 -1 -1 -1
 -1 -1 -1 -1 -1 -1 -1 -1 -1 -1 -1 -1 -1 -1 -1 -1 -1 -1 -1 -1 -1 -1 -1 -1
 -1 -1 -1 -1 -1 -1 -1 -1 -1 -1 -1 -1 -1 -1 -1 -1 -1 -1 -1 -1 -1 -1 -1 -1
 -1 -1 -1 -1 -1 -1 -1 -1]
 - Shape: (128,)
 - DataType: <dtype: 'int64'>

Feature: state/objects_of_interest
 - Value: [ 0  0  0  0  0  0  0  0  0  0  0  0  0  0  0  0  0  0  0  0  0  0  0 -1
 -1 -1 -1 -1 -1 -1 -1 -1 -1 -1 -1 -1 -1 -1 -1 -1 -1 -1 -1 -1 -1 -1 -1 -1
 -1 -1 -1 -1 -1 -1 -1 -1 -1 -1 -1 -1 -1 -1 -1 -1 -1 -1 -1 -1 -1 -1 -1 -1
 -1 -1 -1 -1 -1 -1 -1 -1 -1 -1 -1 -1 -1 -1 -1 -1 -1 -1 -1 -1 -1 -1 -1 -1
 -1 -1 -1 -1 -1 -1 -1 -1 -1 -1 -1 -1 -1 -1 -1 -1 -1 -1 -1 -1 -1 -1 -1 -1
 -1 -1 -1 -1 -1 -1 -1 -1]
 - Shape: (128,)
 - DataType: <dtype: 'int64'>

Feature: state/past/bbox_yaw
 - Value: [-1.5533736 -1.5505704 -1.5510997 ... -1.        -1.        -1.       ]
 - Shape: (1280,)
 - DataType: <dtype: 'float32'>

Feature: state/past/height
 - Value: [ 1.5624713  1.5584288  1.5610794 ... -1.        -1.        -1.       ]
 - Shape: (1280,)
 - DataType: <dtype: 'float32'>

Feature: state/past/length
 - Value: [ 4.6584387  4.660839   4.651961  ... -1.        -1.        -1.       ]
 - Shape: (1280,)
 - DataType: <dtype: 'float32'>

Feature: state/past/speed
 - Value: [14.390369 14.358119 14.094791 ... -1.       -1.       -1.      ]
 - Shape: (1280,)
 - DataType: <dtype: 'float32'>

Feature: state/past/timestamp_micros
 - Value: [     0  99919 199880 ...     -1     -1     -1]
 - Shape: (1280,)
 - DataType: <dtype: 'int64'>

Feature: state/past/valid
 - Value: [1 1 1 ... 0 0 0]
 - Shape: (1280,)
 - DataType: <dtype: 'int64'>

Feature: state/past/vel_yaw
 - Value: [-1.5607865 -1.551581  -1.5501825 ... -1.        -1.        -1.       ]
 - Shape: (1280,)
 - DataType: <dtype: 'float32'>

Feature: state/past/velocity_x
 - Value: [ 0.14404297  0.2758789   0.29052734 ... -1.         -1.
 -1.        ]
 - Shape: (1280,)
 - DataType: <dtype: 'float32'>

Feature: state/past/velocity_y
 - Value: [-14.389648 -14.355469 -14.091797 ...  -1.        -1.        -1.      ]
 - Shape: (1280,)
 - DataType: <dtype: 'float32'>

Feature: state/past/width
 - Value: [ 2.1027806  2.0999856  2.1098592 ... -1.        -1.        -1.       ]
 - Shape: (1280,)
 - DataType: <dtype: 'float32'>

Feature: state/past/x
 - Value: [ 3.5559321e+03  3.5559597e+03  3.5559888e+03 ... -1.0000000e+00
 -1.0000000e+00 -1.0000000e+00]
 - Shape: (1280,)
 - DataType: <dtype: 'float32'>

Feature: state/past/y
 - Value: [ 7.5114893e+03  7.5100537e+03  7.5086445e+03 ... -1.0000000e+00
 -1.0000000e+00 -1.0000000e+00]
 - Shape: (1280,)
 - DataType: <dtype: 'float32'>

Feature: state/past/z
 - Value: [15.544113 15.539235 15.535439 ... -1.       -1.       -1.      ]
 - Shape: (1280,)
 - DataType: <dtype: 'float32'>

Feature: state/tracks_to_predict
 - Value: [ 1  1  0  0  0  0  0  0  0  0  0  0  0  0  0  0  0  0  0  0  0  0  0 -1
 -1 -1 -1 -1 -1 -1 -1 -1 -1 -1 -1 -1 -1 -1 -1 -1 -1 -1 -1 -1 -1 -1 -1 -1
 -1 -1 -1 -1 -1 -1 -1 -1 -1 -1 -1 -1 -1 -1 -1 -1 -1 -1 -1 -1 -1 -1 -1 -1
 -1 -1 -1 -1 -1 -1 -1 -1 -1 -1 -1 -1 -1 -1 -1 -1 -1 -1 -1 -1 -1 -1 -1 -1
 -1 -1 -1 -1 -1 -1 -1 -1 -1 -1 -1 -1 -1 -1 -1 -1 -1 -1 -1 -1 -1 -1 -1 -1
 -1 -1 -1 -1 -1 -1 -1 -1]
 - Shape: (128,)
 - DataType: <dtype: 'int64'>

Feature: state/type
 - Value: [ 1.  1.  1.  1.  1.  1.  1.  1.  1.  1.  1.  1.  1.  1.  1.  1.  1.  1.
  1.  1.  1.  1.  1. -1. -1. -1. -1. -1. -1. -1. -1. -1. -1. -1. -1. -1.
 -1. -1. -1. -1. -1. -1. -1. -1. -1. -1. -1. -1. -1. -1. -1. -1. -1. -1.
 -1. -1. -1. -1. -1. -1. -1. -1. -1. -1. -1. -1. -1. -1. -1. -1. -1. -1.
 -1. -1. -1. -1. -1. -1. -1. -1. -1. -1. -1. -1. -1. -1. -1. -1. -1. -1.
 -1. -1. -1. -1. -1. -1. -1. -1. -1. -1. -1. -1. -1. -1. -1. -1. -1. -1.
 -1. -1. -1. -1. -1. -1. -1. -1. -1. -1. -1. -1. -1. -1. -1. -1. -1. -1.
 -1. -1.]
 - Shape: (128,)
 - DataType: <dtype: 'float32'>

Feature: traffic_light_state/current/id
 - Value: [-1 -1 -1 -1 -1 -1 -1 -1 -1 -1 -1 -1 -1 -1 -1 -1]
 - Shape: (16,)
 - DataType: <dtype: 'int64'>

Feature: traffic_light_state/current/state
 - Value: [-1 -1 -1 -1 -1 -1 -1 -1 -1 -1 -1 -1 -1 -1 -1 -1]
 - Shape: (16,)
 - DataType: <dtype: 'int64'>

Feature: traffic_light_state/current/timestamp_micros
 - Value: [999779]
 - Shape: (1,)
 - DataType: <dtype: 'int64'>

Feature: traffic_light_state/current/valid
 - Value: [0 0 0 0 0 0 0 0 0 0 0 0 0 0 0 0]
 - Shape: (16,)
 - DataType: <dtype: 'int64'>

Feature: traffic_light_state/current/x
 - Value: [-1. -1. -1. -1. -1. -1. -1. -1. -1. -1. -1. -1. -1. -1. -1. -1.]
 - Shape: (16,)
 - DataType: <dtype: 'float32'>

Feature: traffic_light_state/current/y
 - Value: [-1. -1. -1. -1. -1. -1. -1. -1. -1. -1. -1. -1. -1. -1. -1. -1.]
 - Shape: (16,)
 - DataType: <dtype: 'float32'>

Feature: traffic_light_state/current/z
 - Value: [-1. -1. -1. -1. -1. -1. -1. -1. -1. -1. -1. -1. -1. -1. -1. -1.]
 - Shape: (16,)
 - DataType: <dtype: 'float32'>

Feature: traffic_light_state/future/id
 - Value: [-1 -1 -1 ... -1 -1 -1]
 - Shape: (1280,)
 - DataType: <dtype: 'int64'>

Feature: traffic_light_state/future/state
 - Value: [-1 -1 -1 ... -1 -1 -1]
 - Shape: (1280,)
 - DataType: <dtype: 'int64'>

Feature: traffic_light_state/future/timestamp_micros
 - Value: [1099820 1199820 1299829 1399860 1499899 1599930 1699939 1799970 1900009
 2000050 2100049 2200059 2300060 2400059 2500060 2600059 2700050 2800090
 2900130 3000129 3100130 3200129 3300100 3400089 3500099 3600090 3700099
 3800100 3900099 4000100 4100059 4200029 4299990 4399919 4499889 4599890
 4699890 4799849 4899809 4999780 5099770 5199729 5299729 5399740 5499740
 5599740 5699779 5799779 5899789 5999790 6099820 6199860 6299890 6399899
 6499929 6599929 6699940 6799970 6899980 6999979 7099979 7199979 7299980
 7400020 7500020 7600019 7700019 7800020 7900020 7999979 8099980 8199979
 8300029 8400030 8500069 8600069 8700039 8800040 8900050 9000089]
 - Shape: (80,)
 - DataType: <dtype: 'int64'>

Feature: traffic_light_state/future/valid
 - Value: [0 0 0 ... 0 0 0]
 - Shape: (1280,)
 - DataType: <dtype: 'int64'>

Feature: traffic_light_state/future/x
 - Value: [-1. -1. -1. ... -1. -1. -1.]
 - Shape: (1280,)
 - DataType: <dtype: 'float32'>

Feature: traffic_light_state/future/y
 - Value: [-1. -1. -1. ... -1. -1. -1.]
 - Shape: (1280,)
 - DataType: <dtype: 'float32'>

Feature: traffic_light_state/future/z
 - Value: [-1. -1. -1. ... -1. -1. -1.]
 - Shape: (1280,)
 - DataType: <dtype: 'float32'>

Feature: traffic_light_state/past/id
 - Value: [-1 -1 -1 -1 -1 -1 -1 -1 -1 -1 -1 -1 -1 -1 -1 -1 -1 -1 -1 -1 -1 -1 -1 -1
 -1 -1 -1 -1 -1 -1 -1 -1 -1 -1 -1 -1 -1 -1 -1 -1 -1 -1 -1 -1 -1 -1 -1 -1
 -1 -1 -1 -1 -1 -1 -1 -1 -1 -1 -1 -1 -1 -1 -1 -1 -1 -1 -1 -1 -1 -1 -1 -1
 -1 -1 -1 -1 -1 -1 -1 -1 -1 -1 -1 -1 -1 -1 -1 -1 -1 -1 -1 -1 -1 -1 -1 -1
 -1 -1 -1 -1 -1 -1 -1 -1 -1 -1 -1 -1 -1 -1 -1 -1 -1 -1 -1 -1 -1 -1 -1 -1
 -1 -1 -1 -1 -1 -1 -1 -1 -1 -1 -1 -1 -1 -1 -1 -1 -1 -1 -1 -1 -1 -1 -1 -1
 -1 -1 -1 -1 -1 -1 -1 -1 -1 -1 -1 -1 -1 -1 -1 -1]
 - Shape: (160,)
 - DataType: <dtype: 'int64'>

Feature: traffic_light_state/past/state
 - Value: [-1 -1 -1 -1 -1 -1 -1 -1 -1 -1 -1 -1 -1 -1 -1 -1 -1 -1 -1 -1 -1 -1 -1 -1
 -1 -1 -1 -1 -1 -1 -1 -1 -1 -1 -1 -1 -1 -1 -1 -1 -1 -1 -1 -1 -1 -1 -1 -1
 -1 -1 -1 -1 -1 -1 -1 -1 -1 -1 -1 -1 -1 -1 -1 -1 -1 -1 -1 -1 -1 -1 -1 -1
 -1 -1 -1 -1 -1 -1 -1 -1 -1 -1 -1 -1 -1 -1 -1 -1 -1 -1 -1 -1 -1 -1 -1 -1
 -1 -1 -1 -1 -1 -1 -1 -1 -1 -1 -1 -1 -1 -1 -1 -1 -1 -1 -1 -1 -1 -1 -1 -1
 -1 -1 -1 -1 -1 -1 -1 -1 -1 -1 -1 -1 -1 -1 -1 -1 -1 -1 -1 -1 -1 -1 -1 -1
 -1 -1 -1 -1 -1 -1 -1 -1 -1 -1 -1 -1 -1 -1 -1 -1]
 - Shape: (160,)
 - DataType: <dtype: 'int64'>

Feature: traffic_light_state/past/timestamp_micros
 - Value: [     0  99919 199880 299840 399839 499810 599810 699810 799809 899779]
 - Shape: (10,)
 - DataType: <dtype: 'int64'>

Feature: traffic_light_state/past/valid
 - Value: [0 0 0 0 0 0 0 0 0 0 0 0 0 0 0 0 0 0 0 0 0 0 0 0 0 0 0 0 0 0 0 0 0 0 0 0 0
 0 0 0 0 0 0 0 0 0 0 0 0 0 0 0 0 0 0 0 0 0 0 0 0 0 0 0 0 0 0 0 0 0 0 0 0 0
 0 0 0 0 0 0 0 0 0 0 0 0 0 0 0 0 0 0 0 0 0 0 0 0 0 0 0 0 0 0 0 0 0 0 0 0 0
 0 0 0 0 0 0 0 0 0 0 0 0 0 0 0 0 0 0 0 0 0 0 0 0 0 0 0 0 0 0 0 0 0 0 0 0 0
 0 0 0 0 0 0 0 0 0 0 0 0]
 - Shape: (160,)
 - DataType: <dtype: 'int64'>

Feature: traffic_light_state/past/x
 - Value: [-1. -1. -1. -1. -1. -1. -1. -1. -1. -1. -1. -1. -1. -1. -1. -1. -1. -1.
 -1. -1. -1. -1. -1. -1. -1. -1. -1. -1. -1. -1. -1. -1. -1. -1. -1. -1.
 -1. -1. -1. -1. -1. -1. -1. -1. -1. -1. -1. -1. -1. -1. -1. -1. -1. -1.
 -1. -1. -1. -1. -1. -1. -1. -1. -1. -1. -1. -1. -1. -1. -1. -1. -1. -1.
 -1. -1. -1. -1. -1. -1. -1. -1. -1. -1. -1. -1. -1. -1. -1. -1. -1. -1.
 -1. -1. -1. -1. -1. -1. -1. -1. -1. -1. -1. -1. -1. -1. -1. -1. -1. -1.
 -1. -1. -1. -1. -1. -1. -1. -1. -1. -1. -1. -1. -1. -1. -1. -1. -1. -1.
 -1. -1. -1. -1. -1. -1. -1. -1. -1. -1. -1. -1. -1. -1. -1. -1. -1. -1.
 -1. -1. -1. -1. -1. -1. -1. -1. -1. -1. -1. -1. -1. -1. -1. -1.]
 - Shape: (160,)
 - DataType: <dtype: 'float32'>

Feature: traffic_light_state/past/y
 - Value: [-1. -1. -1. -1. -1. -1. -1. -1. -1. -1. -1. -1. -1. -1. -1. -1. -1. -1.
 -1. -1. -1. -1. -1. -1. -1. -1. -1. -1. -1. -1. -1. -1. -1. -1. -1. -1.
 -1. -1. -1. -1. -1. -1. -1. -1. -1. -1. -1. -1. -1. -1. -1. -1. -1. -1.
 -1. -1. -1. -1. -1. -1. -1. -1. -1. -1. -1. -1. -1. -1. -1. -1. -1. -1.
 -1. -1. -1. -1. -1. -1. -1. -1. -1. -1. -1. -1. -1. -1. -1. -1. -1. -1.
 -1. -1. -1. -1. -1. -1. -1. -1. -1. -1. -1. -1. -1. -1. -1. -1. -1. -1.
 -1. -1. -1. -1. -1. -1. -1. -1. -1. -1. -1. -1. -1. -1. -1. -1. -1. -1.
 -1. -1. -1. -1. -1. -1. -1. -1. -1. -1. -1. -1. -1. -1. -1. -1. -1. -1.
 -1. -1. -1. -1. -1. -1. -1. -1. -1. -1. -1. -1. -1. -1. -1. -1.]
 - Shape: (160,)
 - DataType: <dtype: 'float32'>

Feature: traffic_light_state/past/z
 - Value: [-1. -1. -1. -1. -1. -1. -1. -1. -1. -1. -1. -1. -1. -1. -1. -1. -1. -1.
 -1. -1. -1. -1. -1. -1. -1. -1. -1. -1. -1. -1. -1. -1. -1. -1. -1. -1.
 -1. -1. -1. -1. -1. -1. -1. -1. -1. -1. -1. -1. -1. -1. -1. -1. -1. -1.
 -1. -1. -1. -1. -1. -1. -1. -1. -1. -1. -1. -1. -1. -1. -1. -1. -1. -1.
 -1. -1. -1. -1. -1. -1. -1. -1. -1. -1. -1. -1. -1. -1. -1. -1. -1. -1.
 -1. -1. -1. -1. -1. -1. -1. -1. -1. -1. -1. -1. -1. -1. -1. -1. -1. -1.
 -1. -1. -1. -1. -1. -1. -1. -1. -1. -1. -1. -1. -1. -1. -1. -1. -1. -1.
 -1. -1. -1. -1. -1. -1. -1. -1. -1. -1. -1. -1. -1. -1. -1. -1. -1. -1.
 -1. -1. -1. -1. -1. -1. -1. -1. -1. -1. -1. -1. -1. -1. -1. -1.]
 - Shape: (160,)
 - DataType: <dtype: 'float32'>
